..246-

Dioxippe 175, 3.

1116166116 195, 7.

Dodonaens Juppiter 70,14. 129, 5.

Dodoniedes sponsae 136,19.

Dodonides nymphae 75, 3. 136, 5.

domicilia 63, 7. 122,13.

domus planetarum 18319611. 223,
20611.

draco (signnm) 60, 6 eq. 13. 107, 17.
116, 2. 118, 2. 21. 119,1. 189, 7.

224, 9. 233, 7.

septentrionalis 108, 9. 190,10.

draco custos aureae pellis 1438.
Europae 94, 9. 167, 8. 17.
Hesperidum 1611616660, 7.13.

117, 7. 118, 2.

dracones 232, 6.

Duana 200, 4. ·

duodecim 611116 Η6166116 6317.

66116 6. signa 70,11. 122, 12.

166, 16. 166, 6. 116, 6. 161, 6. 166,
16. 161, 66. 166, 66. 66. 665, 16.
66616. 66616. ¹

eclipsis 66116 194, 7.

effusio aquae s. urnae 155,11. 176,

13. 238, 7. 15.

Electra 76, 8. 8314. 149, 6. 10. 18.

1534 2331.
electrum 175,1.
elementum 194, 5.
Endymion 201, 6 eq. 11.
engonasin 61, 2 sq. 189, 9.

6111661166188,24.189,10.191,9.11.14.
’ Epimenides 87, 6. 155,17.

equi albi 133, 8. 19.
requi sidus 20315.

equus 108, 12. 13. 140, 15. 24. 141,
10, 19318. 204, 8. 207,14. 224,

19. 22. 225, 2.
Eratosthenes 74,20. 135,13. 161,
8116811166166 73 2. 7. 132, 21.

1166166166 132,16. 133, 6.

Eridanus 98, 7. 109, 3. 174, 4. 10.
21. 185, 7. 189,13.19. 190, 19. 25.
191, 3. 228, 21. 237, 26.

Erigone 66, 6. 16. 67, 2. 125, 2. 168,
21. 169, 4611. 10.

61166166 616116618319. 21313. 221,
1. 226, 21. 231, 19.

errantia sidera 182, 14.197,1. 2233.

Erythrens 196, 1 sq.

etesiae 95, 5. 168, 12. 207, 8. 208,
514.

Euctemon 209,15.

1161616734.

Εὐεργέιιδος Berenices crines 72,
2013212.

Eufrates 81, 20. 145,10.

Euripides 73, 6. 77, 7. 7313. 79,
3. 13314. 19312. 139, 23. 140,
4.141,6.

Europa 74, 14 sq. 94, 9. 135, 8 eq.
20. 167, 8. 17. 201, 10.

66166 219, 22.

Eurus 237,26.

Euryale 1634 ·

Εὐρυάλη 1431.

Eurydice 84, 6. 151, 9.

11611111692,16.

Eurystheus 69, 18. 72, 6. 131, 13.

Enschemo 90, 3. 159, 2.

Euxinus 61666 14318.

16666 planetae 186, 20 sq.
tEecetis 176, 7.
16666166 2032. 204,1. 217, 22. 219,
20.
Fenix 233, 8.
Ferecydes (ides) 80, 6. 116, 21.
Athenaeus 75, 2.
16611 dies Aegyptiorum 8310. 157, 6.
Atheniensium 67, 4. 16911.
61116616 203, 6. 11. 2031017. 206,
10. 207, 12. 21311. 14. 215, 9.

 

