..243-

Camenae 55, 4. 109,14.

cancer 68, 9. 70, 6. 71, 10, sq. 16.

102212. 221, 1. 225, 2. 22212.
222, o. 220, 12. 2221422.

105, 7. 107,12. 108, 4. 128, 8.15 238, 5.

sq. 18. 23. 12914. 130,10. 179,

22. 180,1. 182, 19. 184, 20. 187,

24. 190,15.192,7. 204,4. 218,14.
223, 21. 22415. 225, 11. 226, 3.

230, 14. 235, 2. 12.
cancri 215, 6.

canicula 86, 8. 15. 95,11. 17. 154,
18.155,3. 167,3.15. 189,12. 100,
20. 23. 27. 191,11. 206, 13. 210,

20. 211, 4. 212, 7. 213, 8. 237, 6.
caniculares dies 167, 4. 10.

22012 64,13. 67,12. 9414201820.
95,11. 109, 5. 167, 22. 168,2 sq.
720. 169, 1619. 203, 3. 205,10.
11. 13. 206, 2. 207, 2. 212, 6. 213,

5. 225, 15. 237, 7.

22012 cauda 111, 20 sq. 114, 5. 20.

115, 18. 23313.

22012 Europae custos 94, 9212167,

8 sq. 17 sq.

canis Icarii 66,17. 67,10. 168, 20.

169, 14.
22012 magnus 172,1. 17.

maior 102,1.5. 182, 1.17.
minor 20614.

canis Orionis 95, 9. 19. 102, 2. 167,

19. 170, 5. 182, 5. 21.
22012 prior 102, 1. 4.

Canopus s. Canobus (os) 98, 9. 175,

9. 17. 189,16. 237, 28.

2120020513. soar. 202, 2. 2001.

capella Solis tilia 73,12. 133,17.
caprea 134,17. 155, 22.

carbunculus 210, 10. 215, 7.
Cassiepia 78,2 108,15.16.138,9.
21. 139, 312. 173112018910

1917 224, 20.
“ Castor 68, 2. 69,1.127,2.11.20.
22121117Ξοοε (cataclismus) 85,14.

154, 2.

†Caubrisa 03,13. 16410.

caua luna 221, 12.

Cedalio 16317.

Celaeno 76,10. 83,16. 149, 7. 150, 6.

021210102 2. 2212210102 mons 122,
9. 166, 11.

Centaurus 79, 9. 89,18. 90,1. 91, 7.
100, 6. 108, 23. 25. 158, 22. 159,
18. 17822014. 180, 3. 14. 189,
1.14. 191, 4. 10131719. 21. 225,
8. 12.

centauri 15817. 150, 20.

centratus circulus 196, c.

centron 199, 2. 223, 9.

centrum caeli 166,23. 167,12.

20112 211,2.5. ·
terrae 211, 5.

Cephalus 94,11. 167,11. 186,1. 229, ’
15.

Cepheus 77,10. 108,11.15. 137,11.
21. 130, 12. 147,15. 158,14.21.
173,10. 10. 189, 10. [190, 6] 190,
8Ι 191, 2. 6. 13. 224,17.20.

Ceres 65,19. 1251422.

22102 109, 9. 173, 9 sq. 17 sq. 174, 2.

capra 73, 7. 74, 4. 7. 9. 133,12. 14 1517. 189,13. 191, 2. 25. 192, 2.

sq. 121, 15. 122, 2. 12221. 121,

15.

22517. 237, 22.
Chaldaei 21. 021622120413.

capricornus 87, 3. 11. 89,12. 105, 6. chelae 123, 4. 189, 22. 24.
107,11.108,14.118,11.155,14 chella 64,12. ,
suls. 156, 4. 162,10,176,23.182, †Chelippius mons 122, 7.
4. 20. 184, 8. 22. 187, 25. 191,14. Chios 63,14. 9218. 122, 7. 163, 6.

16*

 

