..258-

uitreus Persei clipeus 148, 3.

umbilicus disi 196, 5.

uolatilis 160, 11. 23.

uox 57,2. 110, 15.

uredo 21010.

urus 98,17. 109,1. 176,13. 179, 16.
225, 12.

ursa 58, 81219. 64, 24. 113, 2. 6.

ursa (signum) 58,18. 102, 3. 113,
11. 124, 8.

maior 75,1.
minor 59, 5. 9.

uus picta 215,10.

Vulcanus 62, 5. 71,6. 73, 6. 82, 15.
93,1. 103, 6. 119, 24. 120, 4. 129,
19. 130, 6. 132, 16. 22. 133, 1. 5.
147, 9. 20. 163, 9. 185,17. 229, 9.

uulpes 94,13.15. 168,1 sq.

Y littera 136,12.

yades 205, 5.

ydra 18011.

ydra (siguum) 179, 15. 21.
ydrus 190, 26. 191,10. 18 sq.
iyouem 13613.

Ypodamia 2363,

zenodotus Aetolus 57, 10. 110,4.

Zethus (Zetus) 68, 6. 127, 8.

Ζεὺς 56, 4.7.13. 110, 3. 6. 11.

zodiacus circulus 125, 2. 17. 127,
24. 128, 12. 143,13. 158, 15. 22.
176, 6. 18. 187, 23. 188,1.3. 189,
419. 193, 6. 8. 197, 8. 226, 17.
227,13. 230, 1319.

zona Orionis 206,11.

Zeti 127, 8.
zonae 106, 3.

 

