-255-

8881111811 8818. 88, 18. 81,1. 188,
21. 118, 18. 118, 18. 158, 18. 20.
22. 188818. 181, 88. 181, 21. 21.
191,11.192,15.211,2.221‚1.225,

9. 226,11. 230, 12. 15. 236, 19.
881818188 68, 6. 127,681. 219, 6.
Samothraces dei 68,18. 127, 9.
sapientes mundi 194,11.
8811188 12919. ’

88181888 90,16. 99, 9. 17. 104, 5.
7. 177, 5.18. 178, 2. 183, 13. 187,

esq. 1ea,1o.

Saturni 8181188. 811188 103, 3. 183,
6. 184, 12. 22. 24. 185, 3. 186,11.
18. 221, 13. 224, 1. 3. 226, 21. 227,

11. 888, o. 11. 888, 1.
satyri ⁷1‚⁷· 88, 8. 1888. 118, 1.

scorpio 64, 3. 03, 8. 10. 122, 688.

164, 5. 16. 166,13.

scorpio (signum) 81. scorpius 62,
13. 63, 14. 96, 7, 108, 1. 22. 120,
12. 20. 122, 12. 158, 13. 20. 164,
81188 111, 818. 18181. 188,
25. 27. 191, 5. 204, 7. 223, 22. 224,
12. 225, 7. 227,13. 230,15. 233,

23. 234, 6.
σκορπίος ’122, 5.

scorpius (-os) 64, 5. 7. 122,1.16.

189, 21. 29. 192, 13. 22810.

septentrio 108, 6 88. 123,19. 138,
18. 183, 2. 187, 2. 189, 7. 219,19.

224, 16, 227, 7. 230, 5.
181881 108,11. 224, 17.
septentrionale elima 77,15.

septentrionalis circulus 77,5. 137,

11. 13819. 190, 7. 9. 191, 7.
draco 108, 9. 190,10.

septentriones 60, 6. 17. 62,11. 75,
18. 107,14. 117,11. 123, 88819.

189, 5. 224, 6. 9.
Seriphos insula 8213. 147, 8.
serpens 61, 4. 8. 63, 2. 5. 122, 20.

serpens (8188881) 108, 8. 116,20.

118, 8. 18. 120,10.13.19.21. 121,
11.15.24.188,25,1901721224,
10. 233, 20. 23. 234, 3.

serpentarius 681388. 107,17. 108,
1. 8. 20. 120,12.20. 192, 1. 224,
1088. 225, 5. 233, 22.

Sibylla 212, 9.

Sicilia 154, 4.

sidera errantia 182, 14. 197, 1221, 8.

Sidon 74,14. 135, 8.

Sidonos 114, 5. 115, 20.

81118818 74,15. 135, 9. ’

81888 88881888118118, 107, 11.

biformia 107, 9. 13. 199, 8. 223,

16

(188118818170,11. 122, 12. 128,

12. 129, 2. 146, 3. 182,10. 187,23. -

189, 20. 25. 225, 19. 22818. 230,
13.
8811818188. 188, 8. 88811.
solstitialia 107,11.
1188188107,988.12. 199,6. 223,
14.

81888 tempestatis uel serenitatis ·

81. praesagia 163, 3. 18. 194,10
sq. 201, 1488.

81881181 circulus 106,15. 107, 3. 6.
183, 9.17.21. 184, 2. 8. 187, 18.
23. 1881518. 221, 7. 15. 18. 222,
2. 227,16. 19. 228, 3. 230, 9. 13.
281, 1019.

signorum circulus 182,9.

signum musicum 9212. 162, 7.

silurus 215, 7.

811188 64,13. 95, 8. 166,23. 167, 2,
12. 14. 22. 169,19. 170,17. 214,
14. 237, 7.

Sisyphus 76,12. 83,18. 150, 7.

Socrates 109, 21 81. 55,11.

88188188 77,17.

881 106, 5 88. 182, 9. 12. 183,25. 184,
2.9.11.17.2o.24.181,15.17.188,
3. 20. 192, 28. 193, 5 88. 194, 388.

 

