..252-

49. 17. 150, 5. 154, 21. 161,15.
112211,11111111141114

17. 1141218. 1731018.
1170111111 129,11.

Nereides 77,17. 13810,
Nereis 138, 22. 173, 11. 19.
Nicostrate 115, 17.’
Nicostratus 59,12. 115, 5.

Nigidius 11, 11, 65, 11, 11, 11.
72,1. 71, 20. 80, 8. 81, 20. 85, 13.
1111. 1011. 1111. 1111. 111,
9. 131, 9. 135, 5. 154,1. 156, 3
159, 8. 166, 4. 195,1. 20115.

Nilus 81, 10. 98,8 145, 6. 21. 150,
13. 19 175, 6 sq. 13 sq. 237, 26.
2383

Nlli ore 01) 9813. 176, 3.

11111111 (Niseus) 6317. 166, 5.

nixus 189, 9. 19010. 22. 191, 3. 9.
12.

noctes 11111111 breuissimueque 214,
11.
nullum signum 9516.
101111 circulus 6817.
piscis 61, 16. 18 sq.
11111 202, 6.
nox 11. noctes 188, 7. 9Ι 12. 17. 192,
28 193, 4. 14. 221, 7. 231, 2. 4. 7.
11
breuissime 296, 8.
Numa 212, 1.
‘nuntius' Sophronis mimus 55, 7.
109, 17.
nuptiae louis 01 Ι110111 60,10. 117,
2. 14.
Liberi et Ariadnes 62,1. 119,
14. 12016.
nutrices Iouis 5915. 115, 9.
leerl 75, 2. 136, 5. 11. 18.
nutrix louls 5911. 115,1.17. 134,
18. 155, 22.
Musarum 90, 3. 15. 159, 3. 12.
nymphus Dodonides 75, 3. 196, 6.

Idaeae 5911. 115, 4.

oceanus 198, 9. 222,13.

Oceanus 75,10. 90, 15 159,13.
178, 4.

0010011011 85, 10.

Oenomaus 74, 3. 76,11. 83, 17. 134,
10, 150, 7.

Oenopion 921810 93,1. 163, 7.
164,1sq.

01010 21215. 213, 3.

11101 70,13. 71,17. 129,4 13012.

ophiuehus (ophiucus) 188, 25. 189,
11. 190,16.21. 191,12.24.

ὀφιοῦχος 122, 4.

Opere 94,19. 95,4 6. 168, 7. 11.

Ops (Opis) 104, 6. 187, 8.

011 Nili 9813.

oracula Sibyllae 212, 9.

orbes qui sideru cingunt 218, 14.
17. 2118141119. 218,13.

orientales 11415.

01111 63, 10 sq. 14. 21, 64, 4. 6. 93,
5818. 94,1. 95911119. 96,11.
98,6.102,2. 109,211.7.122,2
sq. 17. 142,19. 149, 9. 17. 158,14.
21. 16212112011. 164, 7.15.21.
166, 9. 14. 167,19sq. 170, 411117,
174, 3. 16. 182, 521. 189, 1210.
19019. 191, 7. 11. 25. 192, 2. 204,
513. 205,11. 2061117811. 210, ·
7. 225, 13. 16. 231,18. 235, 32.
236, 30. 237, 6. 27.

Orionis balteus, gladius, zone u.
hh. uu.

Orpheus 84, 3. 151, 5. 15.

Orpheus mous 86,5. 15415.

oscillum 67, 5. 7, 169, 14.

Ouidius 5818. 113,12.

Padus 103, 3. 174, 4. 10. 22.
Ρ1101 143, 4. 17.
puleee 215, 3. 5.

 

