..255..

8. 195,2 sq. 10 sq. 197.1. 3. 5. 8.
reae sq. 0101501. 100, rc. 01.
202, 2. 203, 8. 207, 2. 6. 211, 2. 5.
212, 3. 10. 215,15. 218, 2. 221,5.
8. 11 sq. 222, 1.8sq. 15. 19. 223,
1 sq. 6. 21. 224, 3. 225, 20. 226,2
00601111. 13150022. 227,1. 19.
228, 1. 4. 6. 8. 13. 229, 18. 230,7
01020. 232, 5. 8.
sol Apollo 84, 8sq. 151,12sq.152,14.
Sol 93, 2. 149, 918. 151, 20. 163,
10. 19. 164,1. 185, 8. 199,15. 228,
21. 235, 32. ,
80110 eqni 195, 18 sq.
filia 73,12. 133,17.
filius 103, 2. 174, 8. 185, 4. 228,
18.
quadrigae 73, 3. 133, 9. 20. 195,
14.
solida signa 107, 912, 199, 9. 223,
17.

⁴ solstitiales circuli 105, 4.

solstitialia signa 107,11.
001011110110 circulus 190,11.

aestiuus 0. 0001110110 106, 9.Ι

107, 1.
solstitium (solistitium) 206, 8. 10.
001, a. ararsq. 011, 10.
aestiuum 105, 8. 138, 1220. 224,
15. 225, 5.
hibernum s. hiemale 105, 6. 226,
14.
Sophocles 01. 80100100 138, 9. 21.
Sophron in 11111110 55,7011.109,17.
sortes aequinoctiales 114, 9 sq. 116,
16.
Sositheus tragoediographus 90,
4. 159,1.20.

sphaera caeli 111,15.

sphaerae inuolutio 224, 5.

spicae 65,19. 125,15.

spica (signum) 67, 19. 108, 3. 126,
17. 20813. 224, 14.

00111110 qui per materiam manat
57,10. 111, 3.
sponsae Dodoniades 136, 19.
statio matutina 190,16. 223,1.
postmeridiana 190, 20. 223, 5.
0101100 errantes u. errantes 01. 01
errantia 0111010 227, 2.
1110022113.
uagantes 19810. 22214.
Sterope 76,11.
2010111481.
Stilbon (-o) 103,13.15'.184,5.186,8.
810101 57, 9. 111, 3.
subterraneus arcticus circulus 95,
161701.
suculae 136,17. 137,16. 204,15.
205, 2. 7. 12. 209, 7 sq.
symposia 99, 13 ci. 177, 10.
Syri 82, 9. 99, 1. 146, 4. 176, 8. 10.
Syria 145,13. 215,11.
Syria (aa) dea 82, 1. 145, 13. 17620.

taurus 74,1300. 75, 1. 76, 3. 5. 13.
77, 1. 80, 8. 81, 5. 96,11. 108, 5.
109, 8. 134,13. 17. 135, 4 sq. 18
sq. 130417. 137, 1. 144, 9. 150,
15. 162, 12. 20. 184, 21. 187, 24.
191, 23. 192, 24. 212, 3. 10. 223,
22. 22415. 225, 16. 2261. 230,
14. 236, 30.

Taurus mons 87,13. 156, 5.

Taygete 76, 9. 83,15. 149, 7. 150, 5.

Telchines 59,14.

Telchiuii 115, 7.

Το11110 93, 7. 164, 5.

1011000101οε 67, 9. 86,11. 154, 22.
210, 3. 213,13. 215,11.13.

terra 106,3. 188, 7.9. 12. 211, 5. 221,
9. 231, 2. 4. 7.

Terra 60, 11. 73, 13 sq. 117, 3. 14.
122, 19. 132, 22. 134, 1. 16416.

1011001110 uocatur Eridanus 0. Nilus

98,11. 175,12.

 

