—-ffi9—

Italia 147, 5. 203, 8. 204, 7. 206, 4.
207, 9. 211, 13. 213, 9.

iugula 93, 20. 109, 2, 4. 122, 17. 162,
1220. 163,1.11. 22513111.
Iuno 58,18. 60, 8811. 69, 18. 70, 6.
1812101111,
4. 11312. 117, 2. 4. 7. 14. 118, 3.
18. 128, 15. 129, 2. 4. 131, 10. [12]
132, 1 sq. 136, 7. 187, 4. 6.
Iunonis stella 185,22. 22914.
Iuppiter (Iupiter) 1110111 55, 2.
4111. 58, 7.9.17. 60,10.14. 62, 15
sq. 63, 1216. 64, 5. 1511122. 65,
9. 67, 2. 68, 5. 69, 9. 18. 70, 4. 71,
1111111111
11].22. 76, 8. 80, 5. 81,8. 82, 6. 8.
8314. 84, 14. 19. 85, 2. 18. 87,6
mmmmmmmmmm
94,15. 98, 2. 102,14. 104, 6. 109,
· 1214. 112,6.10. 113,3. 11. 1621.

115, 1. 15. 20. 117, 2. 9. 14. 118,
19. 121, 4. 122, 1. 5. 11. 18123,
· 9. 11 sq. 20 sq. 124, 7. 17. 125, 3.

18. 127, 5. 18. 131,6.133,1. 312.
16. 134, 2. 135, 5sq. 11 sq. 19sq.
136, 3. 111,11. 145, 219. 146,1.
3, 147, 1. 4. 17. 149, 5. 150, 3.
152, 4. 10. 16. 153, 1111318.
154, 6 sq. 155,17sq. 156,1.6. 159,

caelum 55,11. 56, 2. 101121.
110,2.

Camenarum origo 55, 5. 109, 15.

causa 111111 57,12. 111, 6.

Cretensis 59, 15. 115, 8.

deorum omnium princeps 55,
810918.

Dodonaeus 70,14. 129, 5.

mmmmammmma
111,5. ,

ganuaeiushomines5'1,11.111,8.

Hammon of. Ι. Ammon 80,14.

eius fanum 80,15sq. ’

lanis aduersus delicta 57, 15
aq. 111, 9 sq.

Lycaeus 5815. 113, 9. ¹

naturalis 55, 10111. 109, 19111.

parens 86,11. 154, 21.

parens omnium, hominum deo-
rumque 58, 2 sq. 111,12 sq.

spiritus per materiam manat ’
57,10. 111, 3.

uiae plenae Iona 57, 4. 13. 110,
17.111,7.

uox 57, 211. 110, 15.

Iouis nutrices 59,15. 115, 8.

nutrix 51111. 115, 3. 17. 134,
18. 155, 23.
signnm aquila 160, 9.

6. 11. 160‚1.8,14. 16, 21, 1619 = Iouis (Iuppiter) stella 11. Iouis 102,

11].18.·164,16.18. 166, 3. 5. 167,
18. 168, 3. 169, 4. 173,14. 174,11.
1711018111. 178, 3. 1218. 185,
6.12.14. 187,8. 228, 21. 229,
3. 5.

16. 183, 16. 184, 13. 22. 24. 185,
815. 186, 12. 17. 221,17. 224,1.
3. 227,14. 228, 10. 22. 232, 7.

Iustitia 65, 10. 21. 125, 4.7.19.21.

126, 2. 234, 25.

Iuppiter: aar 56,1.8. 57,6. 110,1.
7. .
11191 percussus 57, 4. 110,17.

mwssffiwm

labyrinthus 62, 7. 120, 6.

Lacedaemon 76, 9. 83,15. 150, 5.

Lacedaemonia 127, 21.

lacteus circulus 104, 2. 182, 1.17.
186, 25. 1881. 210,17.211,1111.
230, 4.

aether 56,1. 110,1,

Ammon ainsquafanum 111,1sq.

anima 57,10. 111,4.

bonorum omnium 11111 58, 2.
111, 11.

 

