¹ ,651-

Maera 66616 168, 21.
magnus canis 172,1. 17.
piscis 1716517.
Maia 76, 9. 83,15. 149, 7. 150,4.
166161 canis 102, 1. 5 66. 181, 20. 23.
piscis 81,13. 98,16.
16616 aurea 60,11. 61,3. 117,366.
1566. 11836618.
16616 220, 1 66.
16616 rubrum 106, 7.
Μ616 76,11. 83,17. 143, 6. 150, 6.
185, 19. 229,10.
1161116 sidus s. 6161161033. 183,
20. 181, 12. 21. 23. 185,16. 186,

18. 188, 20. 222, 1. 223, 22. 224,Ι

2. 226, 22. 227,17. 228, 9. 229, 7.
232, 6.

61616116 57, 9.

1661116166 90,18. 121, 1. 16. 167,10.
178, 5. 8.

Medusa 83,1. 148, 4. 15.

Μέδουσα 148, 1.

Melanippo 79, 3. 141, 6. 16.

Memphis 8812. 157, 9.

1666666 186, 6. 214, 9. 229, 21.

6166616 6666111 153,16.

capricorni 155, 66.

Mercurialis 6661616 186, 18.

Mercurius 74, 3.· 76, 9. 82, 4. 14. 83,
15. 84,1. 93,15.17. 96, 3. 102,
14. 103,14. 134, 10 66. 145, 216.
19. 147, 8. 19. 150, 4.11.18. 151,
3661466.164,11.14.19.170,13.
18. 185,12. 186, 6. 9. 229, 4. 21.
230, 2.

116166111611166 6. 616116 16313. 184,
5152024. 186, 4. 188, 20. 222,
466. 223, 21. 224, 3. 226, 22. 228,
5. 11. 229, 19. 2322

Merope 7611. 83,18. 92,18. 149,
71321. 150, 7. 163, 7. 16. 175,
2. 236, 2.

messis 210,16.

Methymnaeus Arion 165,1.

1611666 204, 6. 8.

mimus Sophronis 55, 7. 109,17.

Minerua 60, 16. 73, 6. 77, 10. 78, 9.
83, 266. 97, 13. 117,10. 132, 18.
166616. 116, 6. 116, e. 116, 6. 5.
15. 116, 6. 1116. 16.

Μ16ο662,4. 94,10. 120, 3. 14. 167,9.

11666666 de Europa 201,9.

Molorchus 72,6. 131,14.

monstra dextra 57, 8. 111, 2.

mundus 183, 2 sq.

Musa Calliope 84, 4.

Μ11666 55, 2. 83, 21. 84, 4.12. 90,
6. 8. 11. 92,12. 109,12. 151,5. 7.
16 sq. 152, 3. 159, 4. 6. 9. 162, 8.

Musarum filius 159, 21.

nutrix 90, 3. 15. 159212.

Musaeus 84,13. 152, 4.

Musaeus 73,8. 75,10. 13311. 186,
12. 150,1.

musicum signum 92,12. 162, 7.

Myrtilus agitator 74, 2, 134, 10.

Myrtilus (scriptor) 76, 2. 136,16.

mysteria 68,19. 127, 10.

nauigantes quae obseruent sidera
116, 6. 115,1. 1161. 116615.

nauigatio 6616. 165, 6. 15616.

naurs 66, 16. 91, 6. 6611. 166, 6.
172, 218. 173,4. 189,14. 190,27.
237, 18 sq. 29.

Naxia regio 161,1.

Ν6111666 Aglaosthenis 59,10. 115, 3.

Naxos 62, 8, 91, 20. 115, 6. 120, 7.
149, 1. 161, 2. 18. 20.

Nebula 80,1. 14210.

666161 85,11.

Nemea 72, 4. 13. 131,11. 132, 4.

Nemesis 84, 21. 15212. 18.

Neptunus 70, 4. 74,12. 7610. 77,
18. 80,3. 83,16. 86,11. 92, 2. 7.
16. 93,15. 135, 6. 139,1.15. 143,

 

