-1ω..

lacus Triton 82,18.

Laernins sons 70, 7.

mmmm

lampades 186, 20.

Lampetie 175, 3.

Lampr0s196,1.4. -

1666 86, 2.

mmmm

mmmummmmmme

Latini 145, 1. 18. 149,2. 14. 163,1.
11. 167, 315.

latitudines 232, 3.

Latona 93, 6. 10.

Latonia uirgo 200,11.

Leda 15212.

Lemnus 93, 1. 163, 9.

166 62, 9. 111. 72,2.14. 108, 3. 118,
11. 14. 17. 120, 8. 17. 125, 2. 17.
131, 6 sq. 20 sq. 132, 2. 180, 2. 13.
182, 3. 20. 184, 20. 187, 24. 190,
20. 192,10. 203,11. 207, 310.
223, 21. 224,14. 225, 11. 226, 5.
227, 18. 230, 14. 235, 7.

lepores in Lerum insulam invecti
96,13sq. 171,2sq.

lapus quemadmodum pariat 96, 4.
170,15.20.

lepus 96, 2. 8. 97, 5. 109, 4. 170, 4
sq. 17. 171,12. 174, 20. 179, 7.
189,13. 190, 23. 225,14. 237, 14.

Lernaeus fons cf. Laernius f. 128,
16.

Leros insula 96, 13. 171,2.

11166611 montes 84,13. 152, 3.

Lesbos 72, 21, 132,13

Liber 61, 17. 62, 4. 66, 7. 67,1. 70,
13. 71,6. 75,8. 86101366. 84,
811. 119,13. 120, 3. 129,4. 130,
6. 136, 9. 14211. 14314. 144, 2

sq. 149, 5. 152, 1. 163, 14. 169, 3.,

Liber pater 120,15. 129,19. 136,
18. 151,11.21. 152,14.

11616 64, 12. 106, 1. 107,11. 123, 4.
125,2.17. 184, 21. 187, 24 sq. 189,
22. 24. 190, 27. 204,14. 223, 22.
226, 8. 230, 14.

Licaon 112, 8.

Liguria 175, 4.

litterae 90,19. 211,17.

Lucanus 18613.

lucifer 183, 25 sq. 226, 1 sq·

Lucina 200, 5.

ludi gymnici 72,13. 132, 4.

quinquennales 99,11. 177, 7.

luligo 220, 7,

luna 182,12. 184, 20. 23. 168, 20.
194, 7. 9. 195, 14. 197, 1sq. 198,
2 sq. 199,15.17.21. 200, 3. 8. 10.
13. 201, 712. 15. 202, 2. 4. 211,
8. 214, 16. 217,1.10. 16. 218, 1.
221, 8. 222, 7. 15. 223, 21. 224, 2.
226, 22. 227, 1. 231, 20.

6666 221,12.

plena 217,12. 19.

quarta 202, 6 sq. 217, 1. 5. 8. 21.
Luna 72, 2. 131,10.
lunae augumenta 200,16.

biga 199, 21 200,15.

corana 217,11.

crementa 200,19. 201, 3.

detrimenta 200,18.

equi 200,1 sq.

Lycaei Ionis templum 58, 15. 113, 9.

Lycaeus mons 64, 22. 124,8.

Lycaon 61. Licaon 58,5.14. 64,
1618. 112, 4. 113, 8. 20. 123,11.
21. 124,1 sq. 18.

Lycurgus 76, 5. 136, 6. 149, 4.

Lycus 76,11. 83,17. 150, 6.

Lynceus 173, 2.

lyra 83, 21. 1081018. 150,10.17.
189, 9. 190, 12. 24. 191,13. 225,
1. 236, 5.

1116 Amphionis 127, 9.

Liberi nutrices 75, 2. 136, 5 61 18.

 

