-247 -

Filiscus 70,15. Gorgo 8213. 83,5.8. 148,1219.22.
fixae stellae s. fixa sidera 221, 1. 3. 235, 23.

227, 2. Gorgones 82,16. 83, 1. 147,10.12.
Floralia 211, 20. 212, 8. 21. 148, 4.
flumen 191, 2. Gorgoneum capud 73,19. 134, 6.
fluuius 109, 2. 173, 9. 17. 174, 2, 15. Graece 86, 2. 123, 4. 154, 11 sq. 181,

20. 192, 2. 225, 13. 20. 182,14. 183, 7. 16. 20. 24. 184,
foedus 99,12. 177, 8. 5. 186, 25. 195, 5. 196, 2. 6. 227,
Foanice 114,19. 135, 20. 3. 11. 17. 20.
Forcus 147,10. Graeci 67, 6. 70, 12. 111, 16. 114, 4.
formica 214, 12. 129, 4. 144, 17. 24. 149, 2. 14. 169,
Fortuna 65,19. 125, 15. 22. 13. 181, 23. 205, 6. 227,14.
noxus 1101111010. arai 100, 01.
fusio aquae cf. effusio 85,12. 87,1. 10111011103501.

urnae 9817. gymnici 1111117213. 132, 4.
iGyon cf. (1001117513.

galaxias (eas) 186, 25. 230, 4. haedi 73, 8. 74,5.7.10.133,13.135,
Ganymedea 85, 9. 91, 16. 153, 9. 17. 1. 188, 24. 191,15. 205,9. 209,1.
160, 8. 4. 210, 7.
gemini 68, 5. 9. 69, 214. 108400. haeduli 108, 6. 134,19. 135,17. 224,
109, 7. 114, 10. 14. 127, 6.11.20. 16.
134,12.17.180,14.182,3.19. 184, Hammon 01. Ammon 80,14.19.
21. 187, 20. 24. 191, 25. 192, 26. Helena 85, 1. 153,1.14. 219, 7.
211, 2. 223, 22. 224, 15. 225, 16. Heliades 175,1. Χ
226, 2. 230, 11. 14. 235,12. Helice 59, 15. 111,19. 112, 1. 4. 8.
igauiculatorem 78, 22. 141,1. 115,2.8.15.19, 116,3. 1341216.
10 qui iu geniculo 0101 108, 918. Helicon 90, 5. 141, 213. 159, 3.
225, 1. Helie 175, a.
genitalis calor 19813. 22217. Helix 233, 3. 7112.
sucus 211, 7. Helle 79, 18. 80, 2. 142, 9. 21 sq.
gentiles 129, 13. 18. 130, 18. 134, 143, 3.
20. 149,17. 150,17. 15317. 167, Hellespontus 80, 3. 143, 3. 16.
16. 170,18. 176,18. 178, 20. 180, hemisphaeria caeli 187,13.
15. 185, 2. 195, 4. 19914011. 228, heniochus cf. eniochus. 209, 3.
16. ἡνίοχος 135, 1.
(1001101. Gyen, Gion 175, 6. Ηο10010οΡ0111001610814118,
gigantes 00, 10. 11, a. a sq. 100, 5. 5. 11011.
sq. 13sq. Heraclidas Ρο11110110102, 12. “
(11011 287, 27. 185, 9.
gladius Orionis 94,7. 163, 212. 166, Hercules 60, 8. 14 sq. 61, 2. 5 sq. 9.
18. 21. 204, 13. 206, 2. 5. 7. 209, 69, 4. 13. 17. 70, 7 sq. 71, 24. 72,
10. 3. 6. 100,&1⁰4‚4 1178011. 118,

 

