-240..

antummum 1001111.

Agenor 74,14. 135, 8.

agitator 74, 6. 108, 4. 16. 132, 16.
21. 134,9.19. 224,15.21.

AglaosthenesNaxiaeorumserip-
10159,10.91,19.115,2.16.10014.

Aglauros 133, 7.

agones 9011. 177, 7.

αἰγίοχος 134, 9.

[αἰγόκερως 157,11]

Alcyone 76,10. 83, 16. 149, 6. 150, 5.

Alexandria 8017. 144, 5. 18918.

alligamentum piscium 8,1,16. 146,
7. 10.

altarium 191, 1621.

Amalthea 73, 1014 00. 133, 15. 134,
2 sq.

amexa 76,1 00.

’ Ambrosia 75, 4.

Ammon «Iuppiter 144, 4. 7.

Amphianus tragoediarum serip-
tor 94,17. 168, 4.

Amphidymon 72, 5. 131,11.

Amphion 68, 7. 127, 8.

Amphis eominus 58, 9. 113, 3.16.

Amphitrite 92, 3. 161, 15. 22.

’samphyriso 131, 12.

Anaximander 20915.

Andromeda 77, 819. 98, 1. 109, 8.
137, 14. 138, 13. 22. 139, 2. 12. 23.
142,19. 144,16.22. 146, 817. 147,
15.173,11.13.19.189,10.191,1.
6. 20. 22. 224, 21.

anguis 61, 2.

anguis (astrum) 62,14. 18. 10018.
101,6.8.18. 181,600.

anguli solis 218,2.

anima 57, 10. 15. 111, 4. 8.

0001 dies 193, 700. 17 00.

0001 Aegyptii dies 891. 157, 18.

0001 circulus 19516.

0010000Ῑο s. anticanis 109. 7. 170.
4. tetro. 23. 22517.

anteuindemiator 208, 2. 5.

Antiochus Syriae rex215,11.

antipodes 106,12.

antisoioe 106, 14.

Antisthenes 178,10.16.

autistoeohoe 106,14.

Apis 88,15. 157,12.

Apollo 62, 14. 84,1. 3. 9. 86, 300.
91,10. 121,1.4.18. 150,12. 151,
4.10. 15413 00. 157, 8. 160,15.
161, 8. 180, 4. 17. 181, 1 00. 21.
195, 400. 199,15.

apsides of. absides 184, 7. ’

aqua elementum 194, 5.

00000 10010 0. effusio 85,12. 87,1.
155, 12. 189, 15. 238,16.

aquaria 225,10.

aquarius 85,11. 13. 86, 18. ,98, 16.
108,13.14. 153, 8. 12. 16. 154, 1.
155,6. 176,12.14.23. 18423187,
25. 189,15. 191,17. 192, 20. 203,
9. 224,1. 225, 3. 22614. 23015.
238, 6. 8. 11.

000110 Jovis 153,12. 160, 10 00.
2200. 161, 300.

000110 (astrum) 91, 16. 108, 20. 160,
7. 20. 161, 7. 21. 189,11. 19022.
191,16. 203, 4. 206, 3. 207, 7. 9.
210, 20. 211, 312. 213, 2. 9. 225,
4. 238 adu.

aquilo 114, 8. 116, 8. 118,15. 129,
17.160,2.17. 189, 6. 19415195,
2. 202, 5. 216, 4. 218, 19. 219, 18.
22. 235,19.

Aquilo 95, 3. «168, 10.

aquilonius circulus 105, 2. 108, 21.

polus 114,12.16.18. 116, 15.

ara 189, 14.

Aratus 55, 6. 56, 5 (aare). 14 0.1.
2). 59,14. 78, 22. 98, 7. 109, 16.
110. 4 (u. 223). 12 (u. 1. 2). 115.
819. 125,4.19.141,1.149,8.16.
174, 4. 21. 202, 4.

 

